<?xml version="1.0"?>
<opencv_storage>
<calibration_time>"Sat Feb  8 11:26:41 2020"</calibration_time>
<nr_of_frames>12</nr_of_frames>
<image_width>1280</image_width>
<image_height>720</image_height>
<board_width>8</board_width>
<board_height>5</board_height>
<square_size>30.</square_size>
<fix_aspect_ratio>1.</fix_aspect_ratio>
<!-- flags: +fix_aspectRatio +fix_principal_point +zero_tangent_dist +fix_k4 +fix_k5 -->
<flags>6158</flags>
<fisheye_model>0</fisheye_model>
<camera_matrix type_id="opencv-matrix">
  <rows>3</rows>
  <cols>3</cols>
  <dt>d</dt>
  <data>
    1.3213402870597540e+03 0. 640. 0. 1.3213402870597540e+03 360. 0. 0.
    1.</data></camera_matrix>
<distortion_coefficients type_id="opencv-matrix">
  <rows>5</rows>
  <cols>1</cols>
  <dt>d</dt>
  <data>
    2.4391234524552996e-01 -3.5503990371185923e-01 0. 0.
    -6.4756832155214261e-01</data></distortion_coefficients>
<avg_reprojection_error>5.6848915780284170e-01</avg_reprojection_error>
<per_view_reprojection_errors type_id="opencv-matrix">
  <rows>12</rows>
  <cols>1</cols>
  <dt>f</dt>
  <data>
    5.08702695e-01 4.88096595e-01 6.37179255e-01 6.00437820e-01
    9.45262134e-01 5.45665264e-01 4.87747490e-01 9.02568400e-01
    3.11381429e-01 2.90074766e-01 3.05518657e-01 3.10447514e-01</data></per_view_reprojection_errors>
<!-- a set of 6-tuples (rotation vector + translation vector) for each view -->
<extrinsic_parameters type_id="opencv-matrix">
  <rows>12</rows>
  <cols>6</cols>
  <dt>d</dt>
  <data>
    -4.5201621223082467e-02 -3.0324390012746189e-02
    -4.4486387605340426e-02 -1.2218926286505175e+02
    -8.6271213113539901e+01 4.0783826353463928e+02
    -4.6163353791391457e-02 -3.0319348607073752e-02
    -4.4467370088510975e-02 -1.2220115947425469e+02
    -8.6264982735805418e+01 4.0786318218030254e+02
    -4.4466938942265020e-02 -2.8553443500618888e-02
    -4.3380425091092911e-02 -1.2655481677366497e+02
    -8.2566268966232670e+01 3.5878985673637948e+02
    -4.4784896685420940e-02 -2.8860013084855800e-02
    -4.3341691162039321e-02 -1.2670025642413263e+02
    -8.2773384673145785e+01 3.5874971940251805e+02
    -5.5304975538323385e-02 -2.9020514883173754e-01
    -6.6288520258473788e-02 -1.2867856367039562e+02
    -8.0150469093199533e+01 3.4122070237225608e+02
    -4.8115920274871188e-02 3.6769270157101502e-01
    -8.5803353314247068e-03 -7.2131096637383962e+01
    -8.5718128873153404e+01 4.3088698510294398e+02
    -4.4412706458993451e-02 4.1425296635545356e-01
    3.7144579535871745e-03 -4.9017257942612758e+01
    -1.0306201958754603e+02 6.0815128271116839e+02
    -1.1201819813830425e-02 3.2811299337871525e-01
    -6.2823863498286503e-02 -1.1775702449108508e+02
    -8.0001309100350639e+01 4.7940724861419096e+02
    -4.4792226935039439e-02 5.1985626059133219e-02
    -3.5224837781243336e-02 -1.3626777171684179e+02
    -9.3538909159932345e+01 5.3168297389683573e+02
    -4.5213306584661876e-02 5.1483266633760308e-02
    -3.5465561279406678e-02 -1.3629566473077904e+02
    -9.3406146827334084e+01 5.3163966684228762e+02
    -4.3847271379752417e-02 5.1791684836819188e-02
    -3.5374760704036425e-02 -1.3629800493771319e+02
    -9.3555501751846720e+01 5.3153310867333812e+02
    -4.4734775277637605e-02 5.1889604742993159e-02
    -3.5057255831344621e-02 -1.3625498882187489e+02
    -9.3699692408609394e+01 5.3160858691464614e+02</data></extrinsic_parameters>
</opencv_storage>
