<?xml version="1.0"?>
<opencv_storage>
<calibration_time>"Tue May 22 16:23:53 2018"</calibration_time>
<nr_of_frames>3</nr_of_frames>
<image_width>640</image_width>
<image_height>480</image_height>
<board_width>5</board_width>
<board_height>7</board_height>
<square_size>30.</square_size>
<fix_aspect_ratio>1.</fix_aspect_ratio>
<!-- flags: +fix_aspectRatio +fix_principal_point +zero_tangent_dist +fix_k4 +fix_k5 -->
<flags>6158</flags>
<fisheye_model>0</fisheye_model>
<camera_matrix type_id="opencv-matrix">
  <rows>3</rows>
  <cols>3</cols>
  <dt>d</dt>
  <data>
    6.0260292113262676e+02 0. 320. 0. 6.0260292113262676e+02 240. 0. 0.
    1.</data></camera_matrix>
<distortion_coefficients type_id="opencv-matrix">
  <rows>5</rows>
  <cols>1</cols>
  <dt>d</dt>
  <data>
    1.2992927727741910e-01 -6.1037908790092841e+00 0. 0.
    6.1638667617415855e+01</data></distortion_coefficients>
<avg_reprojection_error>2.9855007079588158e-01</avg_reprojection_error>
<per_view_reprojection_errors type_id="opencv-matrix">
  <rows>3</rows>
  <cols>1</cols>
  <dt>f</dt>
  <data>
    2.85617650e-01 3.12105745e-01 2.97336489e-01</data></per_view_reprojection_errors>
<!-- a set of 6-tuples (rotation vector + translation vector) for each view -->
<extrinsic_parameters type_id="opencv-matrix">
  <rows>3</rows>
  <cols>6</cols>
  <dt>d</dt>
  <data>
    -1.6250803650793072e-01 -8.4169256154279587e-02
    -4.4152292345558147e-02 -9.8745133632229908e+01
    -7.6927666952512823e+01 5.4729123215250411e+02
    -1.6524315448979382e-01 -9.7590483215558174e-02
    -4.1267626025404784e-02 -9.6849899358721856e+01
    -7.6232778246154680e+01 5.4775890293843952e+02
    -1.5425891822887322e-01 -9.0998830495298347e-02
    -4.3748941033622729e-02 -9.8444427182392317e+01
    -7.6582329860839920e+01 5.4511156641690309e+02</data></extrinsic_parameters>
<image_points type_id="opencv-matrix">
  <rows>3</rows>
  <cols>35</cols>
  <dt>"2f"</dt>
  <data>
    2.11507568e+02 1.55259171e+02 2.44509033e+02 1.54500000e+02
    2.77425629e+02 1.53821167e+02 3.10011200e+02 1.52617264e+02
    3.41908234e+02 1.51857422e+02 2.12333832e+02 1.87440079e+02
    2.45480072e+02 1.86352936e+02 2.78543060e+02 1.85378021e+02
    3.11355408e+02 1.84488190e+02 3.44000916e+02 1.83389893e+02
    2.12775894e+02 2.20212372e+02 2.46810226e+02 2.18677856e+02
    2.80212280e+02 2.17747299e+02 3.13255707e+02 2.16609100e+02
    3.46112610e+02 2.15479767e+02 2.13966446e+02 2.53363342e+02
    2.47697693e+02 2.51691208e+02 2.81385132e+02 2.50694321e+02
    3.14534363e+02 2.49327408e+02 3.47669434e+02 2.48233017e+02
    2.14582382e+02 2.86980408e+02 2.48599243e+02 2.85544983e+02
    2.82801483e+02 2.84191742e+02 3.16498871e+02 2.82821503e+02
    3.49852692e+02 2.81457489e+02 2.15370163e+02 3.21524323e+02
    2.50162903e+02 3.19900940e+02 2.84213684e+02 3.18387390e+02
    3.18015381e+02 3.16799072e+02 3.52285522e+02 3.15284271e+02
    2.15734665e+02 3.56617371e+02 2.50964905e+02 3.55270477e+02
    2.85637329e+02 3.53357910e+02 3.20012726e+02 3.51630280e+02
    3.53964294e+02 3.49967804e+02 2.13576813e+02 1.55988968e+02
    2.46725998e+02 1.55502411e+02 2.79285126e+02 1.54862686e+02
    3.11603271e+02 1.54363693e+02 3.43923889e+02 1.53316559e+02
    2.14452164e+02 1.88250595e+02 2.47659332e+02 1.87507492e+02
    2.80628662e+02 1.86623108e+02 3.13460815e+02 1.85592987e+02
    3.46084045e+02 1.84769653e+02 2.15238480e+02 2.20732498e+02
    2.48563004e+02 2.20027481e+02 2.81757690e+02 2.18668900e+02
    3.14769470e+02 2.17770584e+02 3.47595215e+02 2.17042618e+02
    2.15689865e+02 2.53828537e+02 2.49814636e+02 2.53005417e+02
    2.83432190e+02 2.51565292e+02 3.16667603e+02 2.50572510e+02
    3.49690826e+02 2.49466644e+02 2.16559555e+02 2.87542236e+02
    2.50711395e+02 2.86494598e+02 2.84550842e+02 2.84949585e+02
    3.18095520e+02 2.83829681e+02 3.51707489e+02 2.82908386e+02
    2.17365280e+02 3.22344116e+02 2.51632278e+02 3.20546478e+02
    2.86228821e+02 3.19446381e+02 3.19929138e+02 3.17651703e+02
    3.53560211e+02 3.16606232e+02 2.17730789e+02 3.57258209e+02
    2.53010818e+02 3.55706787e+02 2.87346924e+02 3.53949646e+02
    3.21886383e+02 3.52664520e+02 3.55774719e+02 3.50985535e+02
    2.11473724e+02 1.55302216e+02 2.44559921e+02 1.54530411e+02
    2.77561829e+02 1.53984909e+02 3.10324707e+02 1.52712631e+02
    3.42454071e+02 1.52113800e+02 2.12277374e+02 1.87605331e+02
    2.45561081e+02 1.86847183e+02 2.78652771e+02 1.85577209e+02
    3.11530151e+02 1.84730377e+02 3.44297668e+02 1.83911224e+02
    2.12804886e+02 2.20463364e+02 2.46975937e+02 2.19308792e+02
    2.80368622e+02 2.18249512e+02 3.13450287e+02 2.17326187e+02
    3.46393951e+02 2.15732803e+02 2.14064560e+02 2.53685440e+02
    2.47807297e+02 2.52499649e+02 2.81501617e+02 2.51259537e+02
    3.14719818e+02 2.50196075e+02 3.47862823e+02 2.48602661e+02
    2.14619034e+02 2.87546692e+02 2.48703018e+02 2.86412445e+02
    2.83170624e+02 2.84633575e+02 3.16617188e+02 2.83547882e+02
    3.50112000e+02 2.81820740e+02 2.15415878e+02 3.22484772e+02
    2.50276596e+02 3.20555664e+02 2.84421112e+02 3.19308319e+02
    3.18378021e+02 3.17511688e+02 3.52368713e+02 3.16274353e+02
    2.15919113e+02 3.57850342e+02 2.51227966e+02 3.55779907e+02
    2.85951508e+02 3.53785675e+02 3.20240387e+02 3.52512268e+02
    3.54248474e+02 3.50570435e+02</data></image_points>
</opencv_storage>
