<?xml version="1.0"?>
<opencv_storage>
<calibration_time>"Thu Jan 30 10:36:11 2020"</calibration_time>
<nr_of_frames>12</nr_of_frames>
<image_width>1280</image_width>
<image_height>720</image_height>
<board_width>8</board_width>
<board_height>5</board_height>
<square_size>30.</square_size>
<fix_aspect_ratio>1.</fix_aspect_ratio>
<!-- flags: +fix_aspectRatio +fix_principal_point +zero_tangent_dist +fix_k4 +fix_k5 -->
<flags>6158</flags>
<fisheye_model>0</fisheye_model>
<camera_matrix type_id="opencv-matrix">
  <rows>3</rows>
  <cols>3</cols>
  <dt>d</dt>
  <data>
    1.3536164624084406e+03 0. 640. 0. 1.3536164624084406e+03 360. 0. 0.
    1.</data></camera_matrix>
<distortion_coefficients type_id="opencv-matrix">
  <rows>5</rows>
  <cols>1</cols>
  <dt>d</dt>
  <data>
    1.3948488646098003e-01 1.7076731662480733e+00 0. 0.
    -9.6185940307360340e+00</data></distortion_coefficients>
<avg_reprojection_error>5.8321134202543368e-01</avg_reprojection_error>
<per_view_reprojection_errors type_id="opencv-matrix">
  <rows>12</rows>
  <cols>1</cols>
  <dt>f</dt>
  <data>
    3.46686035e-01 3.03334892e-01 1.57331169e+00 4.84440744e-01
    3.84745598e-01 3.64431709e-01 3.84155750e-01 4.02378231e-01
    3.72610986e-01 3.85064691e-01 3.68438542e-01 3.82420570e-01</data></per_view_reprojection_errors>
<!-- a set of 6-tuples (rotation vector + translation vector) for each view -->
<extrinsic_parameters type_id="opencv-matrix">
  <rows>12</rows>
  <cols>6</cols>
  <dt>d</dt>
  <data>
    -1.4196803389485171e-02 2.8429047970258244e-02
    3.0922201431747118e+00 8.4253517900610973e+01 2.7901478538357331e+01
    5.3211297790599133e+02 -1.5656461467238959e-02
    2.9932933304256362e-02 3.0920751932931165e+00 8.4274824360067925e+01
    2.7706606911786089e+01 5.3215553450843117e+02 1.8930421252570329e-02
    -4.8371096953549967e-03 3.0967700721878941e+00
    6.0856660444391700e+01 4.0547712914291168e+01 4.2415593223386077e+02
    5.5820603666969915e-01 3.8567295007614903e-02 3.0728151991911536e+00
    1.2334372361860075e+02 2.9887488367881087e+01 5.1805758473496587e+02
    -2.5632636186002600e-01 3.2394244252460881e-02
    3.0716328637007484e+00 1.1901219959262713e+02 2.6638900286120084e+01
    5.4028668994470547e+02 -2.5497440377102892e-01
    3.3680950655915261e-02 3.0718310457514706e+00 1.1905154177976792e+02
    2.6493451625803690e+01 5.4028791842425426e+02 3.6001424933585220e-02
    3.5125167192805076e-02 3.0977884619542362e+00 7.3360595429732697e+01
    3.6357567404032970e+01 4.2042837404001034e+02 3.6417541172247381e-02
    3.3682518418677941e-02 3.0979248404324191e+00 7.3370484642779900e+01
    3.6212809177933934e+01 4.2033628853057309e+02 3.5214762859334114e-02
    3.4234834695381453e-02 3.0978942348772711e+00 7.3381517086799150e+01
    3.6185080840816831e+01 4.2049862355303333e+02 3.5306111584107416e-02
    3.3858273376208156e-02 3.0978989439606091e+00 7.3382152559191368e+01
    3.6265296709761756e+01 4.2046476327821864e+02 3.4930109883271727e-02
    3.4961722144021053e-02 3.0979259398811396e+00 7.3378072557801815e+01
    3.6191758639610342e+01 4.2046843624149176e+02 3.5154359574118201e-02
    3.4568780646889140e-02 3.0979073638707431e+00 7.3375159146654141e+01
    3.6229085452616069e+01 4.2043443118715697e+02</data></extrinsic_parameters>
</opencv_storage>
