<?xml version="1.0"?>
<opencv_storage>
<calibration_time>"Sun May 20 21:44:50 2018"</calibration_time>
<nr_of_frames>3</nr_of_frames>
<image_width>640</image_width>
<image_height>480</image_height>
<board_width>7</board_width>
<board_height>7</board_height>
<square_size>30.</square_size>
<fix_aspect_ratio>1.</fix_aspect_ratio>
<!-- flags: +fix_aspectRatio +fix_principal_point +zero_tangent_dist +fix_k4 +fix_k5 -->
<flags>6158</flags>
<fisheye_model>0</fisheye_model>
<camera_matrix type_id="opencv-matrix">
  <rows>3</rows>
  <cols>3</cols>
  <dt>d</dt>
  <data>
    5.9531369249731290e+02 0. 320. 0. 5.9531369249731290e+02 240. 0. 0.
    1.</data></camera_matrix>
<distortion_coefficients type_id="opencv-matrix">
  <rows>5</rows>
  <cols>1</cols>
  <dt>d</dt>
  <data>
    -4.1872415122836480e-02 -1.2681992174816172e-02 0. 0.
    2.3004319449300592e+00</data></distortion_coefficients>
<avg_reprojection_error>2.1575826287465821e-01</avg_reprojection_error>
<per_view_reprojection_errors type_id="opencv-matrix">
  <rows>3</rows>
  <cols>1</cols>
  <dt>f</dt>
  <data>
    2.21565798e-01 2.10577309e-01 2.14989945e-01</data></per_view_reprojection_errors>
<!-- a set of 6-tuples (rotation vector + translation vector) for each view -->
<extrinsic_parameters type_id="opencv-matrix">
  <rows>3</rows>
  <cols>6</cols>
  <dt>d</dt>
  <data>
    -1.7116945518297416e-01 1.4730098266317734e-01
    1.4445743639630049e+00 2.0951646144919167e+01
    -1.0565259958722602e+02 5.0605260501511543e+02
    -1.6310960383947742e-01 1.4346258238014967e-01
    1.4473199851884335e+00 2.2579268315410026e+01
    -1.0643746829720887e+02 5.0611003243631700e+02
    -1.6274079383824622e-01 1.5004539919231044e-01
    1.4597842435619495e+00 3.1461120474710125e+01
    -1.0092614262356786e+02 5.3709959429764444e+02</data></extrinsic_parameters>
<image_points type_id="opencv-matrix">
  <rows>3</rows>
  <cols>49</cols>
  <dt>"2f"</dt>
  <data>
    3.44425385e+02 1.15771423e+02 3.49298370e+02 1.48874832e+02
    3.53747284e+02 1.82792191e+02 3.58862366e+02 2.17818176e+02
    3.63962524e+02 2.53604233e+02 3.69005096e+02 2.90230652e+02
    3.74339539e+02 3.28280151e+02 3.09476044e+02 1.19583008e+02
    3.13745026e+02 1.53081070e+02 3.18013092e+02 1.87363831e+02
    3.22579895e+02 2.22026855e+02 3.26948059e+02 2.57749176e+02
    3.31686462e+02 2.94703583e+02 3.36418549e+02 3.32442352e+02
    2.74510071e+02 1.23850449e+02 2.78156036e+02 1.57471436e+02
    2.81856079e+02 1.91326035e+02 2.86088196e+02 2.26524506e+02
    2.90050476e+02 2.62388000e+02 2.94243896e+02 2.99137360e+02
    2.98649261e+02 3.37197174e+02 2.39147171e+02 1.27924629e+02
    2.42454468e+02 1.61296234e+02 2.46040604e+02 1.95682709e+02
    2.49563217e+02 2.30605484e+02 2.53313416e+02 2.66464233e+02
    2.56839508e+02 3.03598267e+02 2.60435760e+02 3.41469757e+02
    2.03654739e+02 1.31785233e+02 2.06744446e+02 1.65519150e+02
    2.09696976e+02 1.99924820e+02 2.12937988e+02 2.35133163e+02
    2.15985107e+02 2.71120300e+02 2.19325211e+02 3.08127136e+02
    2.22529175e+02 3.46384918e+02 1.68467209e+02 1.35900986e+02
    1.70903931e+02 1.69603867e+02 1.73504425e+02 2.03725021e+02
    1.76331085e+02 2.39150589e+02 1.78939163e+02 2.75323395e+02
    1.81654724e+02 3.12583771e+02 1.84394958e+02 3.50736511e+02
    1.32985092e+02 1.39665466e+02 1.34814087e+02 1.73358124e+02
    1.37216690e+02 2.08133591e+02 1.39532440e+02 2.43482208e+02
    1.41560928e+02 2.79774353e+02 1.43493790e+02 3.17139862e+02
    1.45828552e+02 3.55653992e+02 3.46572388e+02 1.14700493e+02
    3.50906464e+02 1.48290817e+02 3.55719147e+02 1.82011780e+02
    3.60484985e+02 2.17161148e+02 3.65285065e+02 2.52778351e+02
    3.70566223e+02 2.89611084e+02 3.75695923e+02 3.27247437e+02
    3.11266052e+02 1.18919830e+02 3.15456451e+02 1.52120544e+02
    3.19707489e+02 1.86215424e+02 3.23974792e+02 2.21277374e+02
    3.28622528e+02 2.57109650e+02 3.32991943e+02 2.93753662e+02
    3.37935547e+02 3.31644928e+02 2.76121399e+02 1.22816841e+02
    2.80018738e+02 1.56250183e+02 2.83881836e+02 1.90558990e+02
    2.87611389e+02 2.25519577e+02 2.91761047e+02 2.61365540e+02
    2.95970154e+02 2.98345978e+02 2.99897186e+02 3.35982208e+02
    2.41304565e+02 1.27083008e+02 2.44559174e+02 1.60497360e+02
    2.47887146e+02 1.94475159e+02 2.51339233e+02 2.29791428e+02
    2.54812820e+02 2.65771515e+02 2.58536072e+02 3.02444092e+02
    2.62438171e+02 3.40593018e+02 2.05877335e+02 1.30856171e+02
    2.08879913e+02 1.64331985e+02 2.11833954e+02 1.98726303e+02
    2.14894958e+02 2.33708649e+02 2.17984406e+02 2.69829987e+02
    2.21156860e+02 3.07046204e+02 2.24243729e+02 3.44891205e+02
    1.70370148e+02 1.34478577e+02 1.73141266e+02 1.68360596e+02
    1.75737274e+02 2.02866379e+02 1.78476685e+02 2.38211121e+02
    1.81115417e+02 2.74417511e+02 1.83511017e+02 3.11304291e+02
    1.86238464e+02 3.49653687e+02 1.34715164e+02 1.38440430e+02
    1.37168137e+02 1.72485962e+02 1.39453873e+02 2.06773987e+02
    1.41463501e+02 2.42246353e+02 1.43487946e+02 2.78502563e+02
    1.45797806e+02 3.15989105e+02 1.48154892e+02 3.54119873e+02
    3.54844482e+02 1.28050430e+02 3.58738342e+02 1.59634018e+02
    3.62568970e+02 1.91699081e+02 3.66898682e+02 2.24557648e+02
    3.71114166e+02 2.58520050e+02 3.75591492e+02 2.93135559e+02
    3.80090851e+02 3.28786011e+02 3.21622314e+02 1.31415497e+02
    3.25463104e+02 1.63231705e+02 3.28919189e+02 1.95309723e+02
    3.32490112e+02 2.28373306e+02 3.36555817e+02 2.62319183e+02
    3.40564362e+02 2.96604034e+02 3.44403870e+02 3.32306641e+02
    2.88607880e+02 1.35068436e+02 2.91781677e+02 1.66667053e+02
    2.95230408e+02 1.98855789e+02 2.98536957e+02 2.32016678e+02
    3.01890991e+02 2.65762329e+02 3.05300110e+02 3.00403961e+02
    3.08805695e+02 3.35991699e+02 2.55487061e+02 1.38461868e+02
    2.58288452e+02 1.70071991e+02 2.61260834e+02 2.02591385e+02
    2.63994415e+02 2.35598190e+02 2.67237976e+02 2.69310791e+02
    2.70192413e+02 3.04203735e+02 2.73439301e+02 3.39768402e+02
    2.22264359e+02 1.41785919e+02 2.24591583e+02 1.73410904e+02
    2.27365372e+02 2.05991425e+02 2.29967377e+02 2.39054703e+02
    2.32582138e+02 2.72860565e+02 2.35378372e+02 3.07770691e+02
    2.37978729e+02 3.43574554e+02 1.88945740e+02 1.45269287e+02
    1.91260513e+02 1.76661484e+02 1.93504028e+02 2.09310608e+02
    1.95528198e+02 2.42423325e+02 1.97494522e+02 2.76582642e+02
    1.99903275e+02 3.11291809e+02 2.02312836e+02 3.47205414e+02
    1.55543198e+02 1.48457520e+02 1.57589386e+02 1.80090408e+02
    1.59090286e+02 2.12645905e+02 1.61111008e+02 2.45870621e+02
    1.63022766e+02 2.80384491e+02 1.64449875e+02 3.15142029e+02
    1.66424591e+02 3.51016785e+02</data></image_points>
</opencv_storage>
