<?xml version="1.0"?>
<opencv_storage>
<calibration_time>"Sun Sep 30 10:08:08 2018"</calibration_time>
<nr_of_frames>12</nr_of_frames>
<image_width>640</image_width>
<image_height>480</image_height>
<board_width>8</board_width>
<board_height>5</board_height>
<square_size>30.</square_size>
<fix_aspect_ratio>1.</fix_aspect_ratio>
<!-- flags: +fix_aspectRatio +fix_principal_point +zero_tangent_dist +fix_k4 +fix_k5 -->
<flags>6158</flags>
<fisheye_model>0</fisheye_model>
<camera_matrix type_id="opencv-matrix">
  <rows>3</rows>
  <cols>3</cols>
  <dt>d</dt>
  <data>
    6.8936755302815641e+02 0. 320. 0. 6.8936755302815641e+02 240. 0. 0.
    1.</data></camera_matrix>
<distortion_coefficients type_id="opencv-matrix">
  <rows>5</rows>
  <cols>1</cols>
  <dt>d</dt>
  <data>
    -2.2939145797324997e-01 4.1102658044418472e-01 0. 0.
    7.6423992523023563e-03</data></distortion_coefficients>
<avg_reprojection_error>1.4130966339784679e+00</avg_reprojection_error>
<per_view_reprojection_errors type_id="opencv-matrix">
  <rows>12</rows>
  <cols>1</cols>
  <dt>f</dt>
  <data>
    1.14163089e+00 2.21731329e+00 2.28272200e+00 1.98437595e+00
    9.92054343e-01 4.81760144e-01 1.16513121e+00 7.46907175e-01
    4.31746423e-01 1.48221600e+00 1.46750879e+00 9.61832047e-01</data></per_view_reprojection_errors>
<!-- a set of 6-tuples (rotation vector + translation vector) for each view -->
<extrinsic_parameters type_id="opencv-matrix">
  <rows>12</rows>
  <cols>6</cols>
  <dt>d</dt>
  <data>
    -5.1496182132948909e-01 -1.7771472478574152e-01
    -2.6515358436953929e-01 -1.8684111693317899e+02
    -8.6592061922226421e+01 4.4617522805673366e+02
    4.0090539272781972e-01 -5.4234479458497256e-02
    8.9011319361373020e-02 -1.0614695461093490e+02
    -7.5787214457688549e+01 3.2447267869344046e+02
    -3.5779503476117719e-01 5.1382949212895213e-01
    -2.5787529874711035e-01 -9.8185832639949240e+01
    -5.9545542426615947e+00 4.5384809046308766e+02
    -4.4567681119118230e-01 -5.6778751016313556e-01
    -5.4844009792106234e-02 -1.0605998805801926e+02
    -5.0059830509355741e+01 3.3797028829616772e+02
    -6.1392472310217061e-01 -1.4465899314261702e-01
    5.8814231992504643e-02 -1.6300862519882358e+02
    -5.6928082964384448e+00 5.2540659631078313e+02
    -8.5148081804771092e-01 -1.6657294499137903e-01
    -1.7977824235422374e-01 -1.7934870042908594e+02
    -1.7520215748555593e+01 4.9486579783803899e+02
    -7.2793719676919444e-01 3.5812671055360445e-01
    -2.5691769030407258e-01 -1.0375992226559194e+02
    1.6988899391722352e+01 5.1573600791195190e+02
    -8.4335941162822126e-01 5.5664768560344846e-01
    -2.9969431241733324e-01 -1.2156241294968325e+02
    9.1442082282098536e+00 5.7645638520582679e+02
    -9.7390530843978551e-01 -3.3046410126512799e-01
    -3.6818452211727742e-01 -1.2023155447017157e+02
    -4.2631130110512650e+01 4.4907457349205561e+02
    -4.1123164016697239e-01 -2.6304447397941205e-01
    -1.2837436529083091e-01 -8.9589464654824639e+01
    -3.2493153728544549e+01 4.5356189252452941e+02
    -5.6208129973719889e-01 -9.2977043568000642e-02
    -2.3079450953863181e-01 -1.0384731359583756e+02
    -9.0849252510082277e+00 4.2259495061536541e+02
    -7.9818809073129093e-01 2.4211613441514074e-01
    -3.9929388594617027e-01 -1.5238807567873110e+02
    2.4867151988008690e+01 4.8450426307768038e+02</data></extrinsic_parameters>
</opencv_storage>
