<?xml version="1.0"?>
<opencv_storage>
<calibration_time>"Mon May 21 10:22:42 2018"</calibration_time>
<nr_of_frames>3</nr_of_frames>
<image_width>640</image_width>
<image_height>480</image_height>
<board_width>5</board_width>
<board_height>7</board_height>
<square_size>30.</square_size>
<fix_aspect_ratio>1.</fix_aspect_ratio>
<!-- flags: +fix_aspectRatio +fix_principal_point +zero_tangent_dist +fix_k4 +fix_k5 -->
<flags>6158</flags>
<fisheye_model>0</fisheye_model>
<camera_matrix type_id="opencv-matrix">
  <rows>3</rows>
  <cols>3</cols>
  <dt>d</dt>
  <data>
    1.7462149093111759e+03 0. 320. 0. 1.7462149093111759e+03 240. 0. 0.
    1.</data></camera_matrix>
<distortion_coefficients type_id="opencv-matrix">
  <rows>5</rows>
  <cols>1</cols>
  <dt>d</dt>
  <data>
    -2.0685300278869539e-01 4.6108009424857208e+01 0. 0.
    -7.1301666887425745e+02</data></distortion_coefficients>
<avg_reprojection_error>1.0099086919749232e+00</avg_reprojection_error>
<per_view_reprojection_errors type_id="opencv-matrix">
  <rows>3</rows>
  <cols>1</cols>
  <dt>f</dt>
  <data>
    9.37844813e-01 1.05122674e+00 1.03687811e+00</data></per_view_reprojection_errors>
<!-- a set of 6-tuples (rotation vector + translation vector) for each view -->
<extrinsic_parameters type_id="opencv-matrix">
  <rows>3</rows>
  <cols>6</cols>
  <dt>d</dt>
  <data>
    -3.0337159894104337e-01 3.2897565726633843e-01
    1.4981364553772230e+00 4.2075574929706555e+01
    -6.9886264830998797e+01 1.1634063026178187e+03
    -3.3437511078816784e-01 2.2224285844050629e-01
    1.5371991888221486e+00 1.4651125574926153e+01
    -8.6222932056211860e+01 1.0551448461049613e+03
    -3.0259588056076092e-01 2.0982964039292218e-01
    1.4552299950995597e+00 2.3975162944728325e+01
    -6.3115943608443757e+01 1.1221835232524963e+03</data></extrinsic_parameters>
<image_points type_id="opencv-matrix">
  <rows>3</rows>
  <cols>35</cols>
  <dt>"2f"</dt>
  <data>
    3.82565094e+02 1.35101013e+02 3.85894745e+02 1.75464432e+02
    3.89356384e+02 2.17182281e+02 3.92552460e+02 2.59892181e+02
    3.95814789e+02 3.03845886e+02 3.37509033e+02 1.37329575e+02
    3.40294403e+02 1.77723877e+02 3.42898804e+02 2.19428024e+02
    3.45594910e+02 2.62327271e+02 3.48259827e+02 3.06271912e+02
    2.92417389e+02 1.39620010e+02 2.94390320e+02 1.80059723e+02
    2.96462799e+02 2.21723999e+02 2.98469940e+02 2.64594269e+02
    3.00631042e+02 3.08479218e+02 2.47491455e+02 1.42055481e+02
    2.48674500e+02 1.82394592e+02 2.50119003e+02 2.24094299e+02
    2.51584152e+02 2.66834534e+02 2.53133286e+02 3.10677368e+02
    2.02725525e+02 1.44595642e+02 2.03401657e+02 1.84823395e+02
    2.04155243e+02 2.26418564e+02 2.04962372e+02 2.69112732e+02
    2.06073578e+02 3.12691315e+02 1.58398209e+02 1.47119308e+02
    1.58416412e+02 1.87314774e+02 1.58475800e+02 2.28629440e+02
    1.58781967e+02 2.71249634e+02 1.59283051e+02 3.14688416e+02
    1.14389595e+02 1.49642700e+02 1.13734200e+02 1.89689178e+02
    1.13324112e+02 2.31057480e+02 1.13055817e+02 2.73335236e+02
    1.13024117e+02 3.16705597e+02 3.43908051e+02 9.94611588e+01
    3.45295258e+02 1.44023224e+02 3.46561401e+02 1.89538666e+02
    3.47946228e+02 2.36058029e+02 3.49403473e+02 2.83245331e+02
    2.95485138e+02 9.81268768e+01 2.96387329e+02 1.43225525e+02
    2.97289764e+02 1.89318909e+02 2.98220184e+02 2.36435501e+02
    2.99297119e+02 2.84156525e+02 2.45973663e+02 9.68029709e+01
    2.46315155e+02 1.42454178e+02 2.46683380e+02 1.89228729e+02
    2.47298813e+02 2.36695297e+02 2.48105148e+02 2.85134155e+02
    1.95463379e+02 9.56662216e+01 1.95324036e+02 1.41826508e+02
    1.95278503e+02 1.89131989e+02 1.95456375e+02 2.37183594e+02
    1.95815460e+02 2.85985565e+02 1.44099243e+02 9.46666565e+01
    1.43465103e+02 1.41361313e+02 1.43123764e+02 1.89067169e+02
    1.42741074e+02 2.37538315e+02 1.42923141e+02 2.86868195e+02
    9.19960327e+01 9.39105911e+01 9.08283234e+01 1.40857224e+02
    8.99159851e+01 1.88948959e+02 8.93611450e+01 2.38031433e+02
    8.90474930e+01 2.87665863e+02 3.96902275e+01 9.34353790e+01
    3.76767120e+01 1.40592957e+02 3.63484650e+01 1.89109634e+02
    3.51756096e+01 2.38419769e+02 3.45747452e+01 2.88557251e+02
    3.58993713e+02 1.42541931e+02 3.63493011e+02 1.85992599e+02
    3.68272339e+02 2.29918320e+02 3.72864105e+02 2.74225220e+02
    3.77620850e+02 3.18609467e+02 3.12513702e+02 1.45834335e+02
    3.16868530e+02 1.89611267e+02 3.21377014e+02 2.34050430e+02
    3.26037537e+02 2.78694733e+02 3.30621735e+02 3.23472473e+02
    2.65436462e+02 1.49378296e+02 2.69500092e+02 1.93507584e+02
    2.73829041e+02 2.38305206e+02 2.78362701e+02 2.83207428e+02
    2.83083740e+02 3.28333618e+02 2.17778320e+02 1.52951447e+02
    2.21650726e+02 1.97473297e+02 2.25797363e+02 2.42452988e+02
    2.30294449e+02 2.87679321e+02 2.34738007e+02 3.33140533e+02
    1.69808258e+02 1.56655151e+02 1.73515182e+02 2.01457108e+02
    1.77521011e+02 2.46649521e+02 1.81738754e+02 2.92260010e+02
    1.86406555e+02 3.37839539e+02 1.21486359e+02 1.60554565e+02
    1.25098267e+02 2.05568542e+02 1.28882538e+02 2.51044800e+02
    1.33163742e+02 2.96748505e+02 1.37599869e+02 3.42571991e+02
    7.30583344e+01 1.64496552e+02 7.63371887e+01 2.09714706e+02
    8.00428162e+01 2.55416428e+02 8.41203690e+01 3.01276306e+02
    8.84916840e+01 3.47438171e+02</data></image_points>
</opencv_storage>
